! 4 - Ode To Joy
14,14,15,17,17,15,14,12,10,10,12,14,14,12,12,14,14,15,17,17,15,14,12,10,10,12,14,12,10,10
40,40,40,40,40,40,40,40,40,40,40,40,60,20,80,40,40,40,40,40,40,40,40,40,40,40,40,60,20,80
15,15,15,15,15,15,15,15,15,15,15,15,15,15,20,15,15,15,15,15,15,15,15,15,15,15,15,15,15,20
! 8 - Morning
21,18,16,14,16,18,21,18,16,14,16,18,16,18,21,18,21,23,18,23,21,18,16,14
40,40,40,40,40,40,40,40,40,40,20,20,20,20,40,40,40,40,40,40,40,40,40,120
15,15,15,15,15,15,15,15,15,15,15,15,15,15,15,15,15,15,15,15,15,15,15,15,15,15,15,15,15,15,15,15,15,15,15
! 12 - Nocturne
5,14,12,14,12,10,5,14,7,19,14,17,15,14,12,14,9,10,7,5,21,19,17,15,14,15,7,9,10
60,180,40,40,140,100,40,80,40,80,40,120,80,40,120,80,40,120,120,40,40,40,20,20,20,20,20,20,120
15,15,15,15,15,15,15,15,15,15,15,15,15,15,15,15,15,15,15,15,15,15,15,15,15,15,15,15,15,15,15,15,15,15,15,15,15,15,15,15,15,15,15,15
! 16 - Spring
9,13,13,13,11,9,16,16,14,13,13,13,11,9,16,16,14,13,14,16,14,13,11,13,16,14,13,14,16,18,16,9,16,14,13,14,16,18,16,9,18,16,14,13,11,9,11,9,9
40,40,40,40,20,20,120,20,20,40,40,40,20,20,120,20,20,40,20,20,40,40,120,40,40,20,20,40,40,40,80,40,40,20,20,40,40,40,80,40,40,80,40,40,20,20,60,20,120
15,15,15,15,15,15,15,15,15,15,15,15,15,15,15,15,15,15,15,15,15,15,15,15,15,15,15,15,15,15,15,15,15,15,15,15,15,15,15,15,15,15,15,15,15,15,15,15,15,15,15,15,15,15,15,15,15,15,15,15,15,15,15
! 20 - Toreador
17,19,17,14,14,14,12,14,15,14,15,12,17,14,10,7,12,5,12,19,17,15,14,12,14,15,14,9,14,14,13,16,21,19,18,19,12,14,15,14,10,19,17,10,5,15,14,12,10
80,60,20,80,80,60,20,60,20,160,80,60,20,160,80,60,20,160,200,40,40,40,40,40,40,40,160,80,80,80,60,20,360,40,40,40,40,40,120,40,40,40,200,40,40,40,80,80,120
15,15,15,15,15,15,15,15,15,15,15,15,15,15,15,15,15,15,15,15,15,15,15,15,15,15,15,15,15,15,15,15,15,15,15,15,15,15,15,15,15,15,15,15,15,15,15,15,15,15,15,15,15,15,15,15,15,15,15,15,15,15,15,15,15,15,15,15,15,15,15,15,15,15,15,15,15,15,15,15,15,15,15,15,15,15,15,15,15,15,15,15,15,15,15,15,15,15,15,15
! 24 - La Donna
14,14,14,17,15,12,12,12,12,15,14,10,14,12,10,10,9,12,10,7,7,5,5,12,14,12,12,17,12,14,15,14,14,19,14,17,19,17,17,19,17,15,17,15,14,12,10
60,60,60,45,15,120,60,60,60,45,15,120,60,60,60,60,120,60,60,60,45,15,120,45,15,60,60,60,120,45,15,60,60,60,120,45,15,60,60,120,60,15,15,15,60,60,120
15,15,15,15,15,15,15,15,15,15,15,15,15,15,15,15,15,15,15,15,15,15,15,15,15,15,15,15,15,15,15,15,15,15,15,15,15,15,15,15,15,15,15,15,15,15,15,15,15,15,15,15,15,15,15,15,15,15,15,15,15,15,15,15,15,15,15,15,15,15,15,15,15,15,15,15,15,15,15,15,15,15,15,15,15,15,15,15,15,15,15,15,15,15,15,15,15,15,15,15
! 28 - Lullaby
9,9,12,9,9,12,9,12,17,16,14,14,12,7,9,10,7,9,10,7,10,16,14,12,16,17,5,5,17,14,10,12,9,5,10,12,14,12,5,5,17,14,10,12,9,5,10,9,7,5
20,20,80,20,20,80,20,20,40,60,20,40,40,20,20,80,20,20,80,20,20,20,20,40,40,80,20,20,80,20,20,80,20,20,40,40,40,80,20,20,80,20,20,80,20,20,40,40,40,80
15,15,15,15,15,15,15,15,15,15,15,15,15,15,15,15,15,15,15,15,15,15,15,15,15,15,15,15,15,15,15,15,15,15,15,15,15,15,15,15,15,15,15,15,15,15,15,15,15,15,15,15,15,15,15,15,15,15,15,15,15,15,15,15,15,15,15,15,15,15,15,15,15,15,15,15,15,15,15,15,15,15,15,15,15,15,15,15,15,15,15,15,15,15,15,15,15,15,15,15
! 32 - Triumphant March
5,10,12,5,12,14,14,14,14,15,10,14,12,10,12,14,14,12,10,12,14,14,12,14,14,10,12,12,9,10,12,5,12,14,14,14,14,15,10,14,12,10,12,14,14,12,10,12,14,14,12,14,14,12,14,12,10
40,120,10,10,10,40,40,40,10,10,10,60,10,70,20,20,30,10,30,30,10,40,30,10,40,30,10,110,40,110,10,10,10,40,30,40,10,10,10,60,10,60,20,20,30,10,30,30,10,30,30,10,40,10,10,10,40
15,15,15,15,15,15,15,15,15,15,15,15,15,15,15,15,15,15,15,15,15,15,15,15,15,15,15,15,15,15,15,15,15,15,15,15,15,15,15,15,15,15,15,15,15,15,15,15,15,15,15,15,15,15,15,15,15,15,15,15,15,15,15,15,15,15,15,15,15,15,15,15,15,15,15,15,15,15,15,15,15,15,15,15,15,15,15,15,15,15,15,15,15,15,15,15,15,15,15,15
! 36 - Eine Kleine Nachtmusik
12,7,12,7,12,7,12,16,19,17,14,17,14,17,14,11,14,7,12,12,16,14,12,12,11,11,14,17,11,14,12,12,16,14,12,12,11,11,14,17,11,12,12,12,11,9,11,12,12,16,14,12,14,16,16,19,17,16,17,19,19,21,19,17,17,17,17,16,16,16,16,14,14,14,12,11,9,11,12
60,20,60,20,20,20,20,20,80,60,20,60,20,20,20,20,20,80,40,60,20,20,20,20,20,60,20,20,20,20,20,60,20,20,20,20,20,60,20,20,20,20,20,20,20,20,20,20,20,20,20,20,20,20,20,20,20,20,20,80,80,80,20,20,20,20,20,20,20,20,20,20,20,20,20,20,20,20,80
15,15,15,15,15,15,15,15,15,15,15,15,15,15,15,15,15,15,15,15,15,15,15,15,15,15,15,15,15,15,15,15,15,15,15,15,15,15,15,15,15,15,15,15,15,15,15,15,15,15,15,15,15,15,15,15,15,15,15,15,15,15,15,15,15,15,15,15,15,15,15,15,15,15,15,15,15,15,15,15,15,15,15,15,15,15,15,15,15,15,15,15,15,15,15,15,15,15,15,15
! 40 - Blue Danube
3,3,7,10,10,22,22,19,19,3,3,7,10,10,22,22,20,20,2,2,5,12,12,24,24,20,20,2,2,5,12,12,24,24,19,19,3,3,7,10,15,15,15,10,10,3,3,7,10,15,15,15,12,12,5,5,8,12,12,9,10,19,15,7,7,5,12,10,3,3,3,3
40,40,40,40,80,40,80,40,80,40,40,40,40,80,40,80,40,80,40,40,40,40,80,40,80,40,80,40,40,40,40,80,40,80,40,80,40,40,40,40,80,40,80,40,80,40,40,40,40,80,40,80,40,80,40,40,40,40,160,40,40,160,40,40,80,40,80,40,60,20,40,60
15,15,15,15,15,15,15,15,15,15,15,15,15,15,15,15,15,15,15,15,15,15,15,15,15,15,15,15,15,15,15,15,15,15,15,15,15,15,15,15,15,15,15,15,15,15,15,15,15,15,15,15,15,15,15,15,15,15,15,15,15,15,15,15,15,15,15,15,15,15,15,15,15,15,15,15,15,15,15,15,15,15,15,15,15,15,15,15,15,15,15,15,15,15,15,15,15,15,15,15
! 44 - Mountain King
5,7,8,10,12,8,12,11,7,11,10,6,10,5,7,8,10,12,8,12,17,15,12,8,12,15,12,14,16,17,19,16,19,20,16,20,19,16,19,12,14,16,17,19,16,19,20,16,20,19,5,7,8,10,12,8,12,17,16,12,16,19,17
20,20,20,20,20,20,40,20,20,40,20,20,40,20,20,20,20,20,20,20,20,20,20,20,20,80,20,20,20,20,20,20,40,20,20,40,20,20,40,20,20,20,20,20,20,40,20,20,40,80,20,20,20,20,20,20,20,20,20,20,20,20,80
15,15,15,15,15,15,15,15,15,15,15,15,15,15,15,15,15,15,15,15,15,15,15,15,15,15,15,15,15,15,15,15,15,15,15,15,15,15,15,15,15,15,15,15,15,15,15,15,15,15,15,15,15,15,15,15,15,15,15,15,15,15,15,15,15,15,15,15,15,15,15,15,15,15,15,15,15,15,15,15,15,15,15,15,15,15,15,15,15,15,15,15,15,15,15,15,15,15,15,15
! 48 - Fur Elise
21,20,21,20,21,16,19,17,14,5,9,14,16,9,13,16,17,9,21,20,21,20,21,16,19,17,14,5,9,14,16,9,17,16,14,16,17,19,21,12,22,21,19,10,21,19,17,9,19,17,16,9,21,20,21,20,21,16,19,17,14,5,9,14,16,9,17,16,14
40,40,40,40,40,40,40,40,120,40,40,40,120,40,40,40,120,40,40,40,40,40,40,40,40,40,120,40,40,40,120,40,40,40,120,40,40,40,120,40,40,40,120,40,40,40,120,40,40,40,120,40,40,40,40,40,40,40,40,40,120,40,40,40,120,40,40,40,120,40,40,40,120,40,40,40,120,40,40,40,120,40,40,40,40,40,40,40,40,40,120,40,40,40,120,40,40,40,120
15,15,15,15,15,15,15,15,15,15,15,15,15,15,15,15,15,15,15,15,15,15,15,15,15,15,15,15,15,15,15,15,15,15,15,15,15,15,15,15,15,15,15,15,15,15,15,15,15,15,15,15,15,15,15,15,15,15,15,15,15,15,15,15,15,15,15,15,15,15,15,15,15,15,15,15,15,15,15,15,15,15,15,15,15,15,15,15,15,15,15,15,15,15,15,15,15,15,15,15
! 52 - Swan Lake
14,7,9,10,12,14,10,14,10,14,7,10,7,3,10,7,12,10,9,14,7,9,10,12,14,10,14,10,14,7,10,7,3,10,7,7,9,10,12,14,15,17,15,14,15,17,19,17,15,17,19,21,16,21,14,7,9,10,12,14,10,14,10,14,7,10,7,3,10,7
80,20,20,20,20,60,20,60,20,60,20,20,20,20,20,100,20,20,20,80,20,20,20,20,60,20,60,20,60,20,20,20,20,20,120,40,40,40,40,20,20,60,20,40,20,20,60,20,40,20,20,60,20,80,80,20,20,20,20,60,20,60,20,60,20,20,20,20,20,60
15,15,15,15,15,15,15,15,15,15,15,15,15,15,15,15,15,15,15,15,15,15,15,15,15,15,15,15,15,15,15,15,15,15,15,15,15,15,15,15,15,15,15,15,15,15,15,15,15,15,15,15,15,15,15,15,15,15,15,15,15,15,15,15,15,15,15,15,15,15,15,15,15,15,15,15,15,15,15,15,15,15,15,15,15,15,15,15,15,15,15,15,15,15,15,15,15,15,15,15
! 56 - Hungarian Dance
10,15,18,15,14,15,17,15,11,13,15,10,8,6,6,5,5,10,3,10,15,18,22,18,17,18,20,18,11,13,15,11,10,11,13,10,8,10,11,8,6,8,10,6,8,6,6,5,5,10,3,15
120,40,120,40,120,20,20,160,120,20,20,160,20,20,20,20,60,20,160,120,20,20,120,40,120,20,20,160,20,20,20,20,20,20,20,20,20,20,20,20,20,20,20,20,20,20,20,20,60,20,80,80
15,15,15,15,15,15,15,15,15,15,15,15,15,15,15,15,15,15,15,15,15,15,15,15,15,15,15,15,15,15,15,15,15,15,15,15,15,15,15,15,15,15,15,15,15,15,15,15,15,15,15,15,15,15,15,15,15,15,15,15,15,15,15,15,15,15,15,15,15,15,15,15,15,15,15,15,15,15,15,15,15,15,15,15,15,15,15,15,15,15,15,15,15,15,15,15,15,15,15,15
! 60 - Turkish March
8,6,5,6,9,11,9,8,9,13,14,13,12,13,20,18,17,18,20,18,17,18,21,18,21,20,18,16,18,20,18,16,18,20,18,16,15,13,8,6,5,6,9,11,9,8,9,13,14,13,12,13,20,18,17,18,20,18,17,18,21,18,20,21,20,18,17,18,13,14,11,9,8,6,6
20,20,20,20,80,20,20,20,20,80,20,20,20,20,20,20,20,20,20,20,20,20,80,40,40,40,40,40,40,40,40,40,40,40,40,40,40,80,20,20,20,20,80,20,20,20,20,80,20,20,20,20,20,20,20,20,20,20,20,20,80,40,40,40,40,40,40,40,40,40,40,80,60,20,80
15,15,15,15,15,15,15,15,15,15,15,15,15,15,15,15,15,15,15,15,15,15,15,15,15,15,15,15,15,15,15,15,15,15,15,15,15,15,15,15,15,15,15,15,15,15,15,15,15,15,15,15,15,15,15,15,15,15,15,15,15,15,15,15,15,15,15,15,15,15,15,15,15,15,15,15,15,15,15,15,15,15,15,15,15,15,15,15,15,15,15,15,15,15,15,15,15,15,15,15
! 64 - Zarathustra
10,17,22,14,13,10,17,22,13,14,10,17,22,14,19,7,9,10,12,14,15,17,14,15,17,19,21,22
160,160,140,20,320,160,160,140,20,320,160,160,140,20,120,20,20,80,80,40,40,40,20,20,160,160,160,160
15,15,15,15,15,15,15,15,15,15,15,15,15,15,15,15,15,15,15,15,15,15,15,15,15,15,15,15,15,15,15,15,15,15,15,15,15,15,15,15,15,15,15,15,15,15,15,15,15,15,15,15,15,15,15,15,15,15,15,15,15,15,15,15,15,15,15,15,15,15,15,15,15,15,15,15,15,15,15,15,15,15,15,15,15,15,15,15,15,15,15,15,15,15,15,15,15,15,15,15
!!!!!!!!!!!!!!!!!!!!!!!!!!!!!!!!!!!!!!!!!!!!!!!!!!!!!!!!!!!
! 17 - There And Back Again
1,2,3,4,5,6,7,8,9,10,11,12,13,14,15,16,17,18,19,20,21,22,23,24,23,22,21,20,19,18,17,16,15,14,13,12,11,10,9,8,7,6,5,4,3,2,1
50,50,50,50,50,50,50,50,50,50,50,50,50,50,50,50,50,50,50,50,50,50,50,50,50,50,50,50,50,50,50,50,50,50,50,50,50,50,50,50,50,50,50,50,50,50,50
15,15,15,15,15,15,15,15,15,15,15,15,15,15,15,15,15,15,15,15,15,15,15,15,15,15,15,15,15,15,15,15,15,15,15,15,15,15,15,15,15,15,15,15,15,15,15,15,15,15,15,15,15,15,15,15,15,15,15,15,15,15,15,15,15,15,15,15,15,15,15,15,15,15,15,15,15,15,15,15,15,15,15,15,15,15,15,15,15,15,15,15,15,15,15,15,15,15,15,15
! 27 - Yodeling Course
1,24,2,24,3,24,2,24,1,24,3,23,1,24,2,24,3,23,1,24,1
50,50,50,50,50,50,50,50,50,50,50,50,50,50,50,50,50,50,50,50,50,50,50,50,50,50,50,50,50,50,50,50,50,50,50,50,50,50,50,50,50,50,50,50,50,50,50
5,5,5,5,5,5,5,5,5,5,5,5,5,5,5,5,5,5,5,5,5,5,5,5,5,5,5,5,5,5,5,5,5,5,5,5,5,5,5,5,5,5,5,5,5,5,5,5,5,5,5,5,5,5,5,5,5,5,5,5,5,5,5,5,5,5,5,5,5,5,5,5,5,5,5,5,5,5,5,5
! 42 - Seven Sisters
8,9,10,11,12,13,14
200,200,200,200,200,200,200
30,30,30,30,30,30,30,
! 53 - Neverending Story
15,15,15,15,15,15,15,15,15,15,15,15,15,15,15,15,15,15,15,15,15,15,15,15,15,15,15,15,15,15,15,15,15,15,15,15,15,15,15,15,15,15,15,15,15,15,15,15,15,15,15,15,15,15,15,15,15,15
30,30,30,30,30,30,30,30,30,30,30,30,30,30,30,30,30,30,30,30,30,30,30,30,30,30,30,30,30,30,30,30,30,30,30,30,30,30,30,30,30,30,30,30,30,30,30,30,30,30,30,30,30,30,30,30,30,30,30
5,5,5,5,5,5,5,5,5,5,5,5,5,5,5,5,5,5,5,5,5,5,5,5,5,5,5,5,5,5,5,5,5,5,5,5,5,5,5,5,5,5,5,5,5,5,5,5,5,5,5,5,5,5,5,5,5,5,5,5,5,5,5,5,5,5,5,5,5,5,5,5,5,5,5,5,5,5,5,5,5,5,5,5,5,5,5,5,5,5,5,5,5,5,5,5
! 61 - Almost There
14,19,15,8,13,17,22,3,20,1,5,10,15,8,13,9,2,7,11,16,21,14,19,23,4,9,2,7,3,20,24,5,10,15,8,12
20,30,50,20,20,30,40,40,60,70,20,20,30,50,60,20,40,50,60,60,70,30,40,40,50,50,20,20,50,70,20,20,30,20,40,500
50,50,50,50,50,50,50,50,50,50,50,50,50,50,50,50,50,50,50,50,50,50,50,50,50,50,50,50,50,50,50,50,50,50,50,50,50,50,50,50,
! 39 - Two At A Time
10,10,10,10,10,10,10,10,10,10,10,10,10,10,10,10,10,10,10,10,10,10,10,10,10
30,30,30,30,30,30,30,30,30,30,30,30,30,30,30,30,30,30,30,30,30,30,30,30,30
1,70,1,70,1,70,1,70,1,70,1,70,1,70,1,70,1,70,1,70,1,70,1,70,1,70,1,70,1,70